0 260 101.45
0 259 127.633
0 870 255.723
1 2 311.336
1 631 76.599
1 251 74.706
1 914 157.594
2 346 41.444
2 201 81.12
2 200 60.936
3 234 85.681
3 418 267.179
3 1077 44.791
4 1068 97.888
4 1110 104.814
4 1161 262.187
5 1018 77.798
5 933 146.966
5 1049 78.574
5 1390 115.259
6 1446 9.4
6 442 78.925
6 760 77.563
6 942 213.426
7 948 71.337
7 12 530.577
7 262 161.204
8 1023 29.703
8 1105 274.357
8 1062 28.116
8 1102 423.5
9 1445 21.108
9 625 176.224
9 22 164.293
9 1163 15.798
10 1337 3.421
10 11 116.861
10 23 72.661
10 188 113.575
10 1338 70.966
11 21 12.466
11 1338 102.199
12 957 114.753
12 1108 1034.838
13 30 117.78
13 1109 273.331
13 1296 232.397
14 18 132.781
14 15 133.751
15 19 88.477
15 16 36.784
16 1277 92.954
16 17 25.114
17 1255 99.593
17 1344 156.099
18 489 130.498
18 522 312.892
18 512 73.413
19 435 131.053
19 512 76.813
19 1277 134.887
19 521 76.148
20 21 100.101
20 523 160.37
20 720 87.679
20 27 50.226
20 1282 11.546
21 26 66.023
22 459 68.395
22 978 81.952
23 181 101.908
23 545 68.547
24 159 14.532
24 861 61.128
24 995 435.884
25 1401 112.858
25 33 161.314
25 1403 93.482
26 1337 119.495
26 27 54.808
27 1281 88.414
28 1195 37.293
28 1016 72.797
28 1386 34.633
28 1427 17.596
29 947 160.788
29 1197 81.655
29 1372 125.665
30 1404 47.106
30 1108 901.905
31 1160 121.709
31 1404 12.442
31 1405 20.835
32 1318 63.062
32 1431 11.089
32 1430 65.588
33 34 75.218
33 811 89.62
33 1318 155.699
34 812 86.939
34 35 149.974
34 1401 91.491
35 36 89.296
35 814 75.213
36 37 51.67
36 893 76.727
36 815 69.515
37 38 85.395
37 1369 66.981
37 715 74.906
38 39 31.416
38 827 62.377
39 40 116.2
39 681 59.885
40 664 42.411
40 41 135.463
40 816 52.657
41 178 71.921
41 340 52.119
41 341 29.602
42 1454 7.222
42 43 111.464
42 698 222.814
42 1453 82.188
43 44 64.718
43 323 80.826
44 45 59.346
44 454 72.322
44 453 80.258
45 154 80.252
45 1419 30.033
45 1297 35.604
46 582 79.392
46 47 136.634
46 1419 105.932
47 1420 135.31
47 48 141.333
47 319 77.815
48 1237 14.166
48 935 231.638
48 1238 75.995
49 74 116.167
49 1021 74.049
49 50 309.291
49 773 74.903
50 209 74.531
50 51 273.814
50 208 74.631
51 687 74.431
51 52 274.183
51 688 74.14
52 1383 74.161
52 53 277.697
52 466 73.396
53 790 74.051
53 54 269.908
53 774 74.212
54 55 224.077
54 775 73.783
54 1022 74.252
55 776 79.56
55 1347 80.656
56 78 309.34
56 212 78.338
56 57 273.893
56 211 83.588
57 628 83.593
57 58 273.776
57 689 78.502
58 468 78.583
58 467 83.058
58 1443 283.648
59 1443 10.15
59 629 82.653
59 60 270.126
59 1437 49.752
60 1009 78.497
60 630 83.026
60 1371 334.61
61 1081 17.933
61 797 170.497
61 1079 163.146
61 1080 236.268
62 971 84.432
62 1418 38.657
62 63 77.979
63 309 260.209
63 625 121.459
64 65 170.269
64 644 79.13
64 552 154.2
64 619 78.908
65 66 140.679
65 81 85.331
65 82 83.954
66 216 77.845
66 67 275.481
66 215 79.464
67 68 270.43
67 645 79.709
67 445 76.949
68 1433 278.75
68 1304 78.073
68 470 79.051
69 621 79.092
69 70 274.63
69 647 78.994
69 1433 269.979
70 238 78.162
71 667 183.79
71 72 77.263
71 1329 123.644
72 1321 145.509
72 73 78.167
72 138 160.907
73 1021 138.397
73 74 77.801
73 1330 168.775
74 1322 190.487
74 75 78.373
75 773 92.983
75 76 86.754
75 1331 213.97
76 1332 245.001
76 77 87.569
76 414 61.968
77 627 43.857
77 844 110.94
77 1407 226.475
78 627 84.962
78 1125 28.785
79 212 261.156
79 1008 48.259
79 1125 84.228
80 214 200.682
80 81 84.465
80 426 109.779
81 644 139.918
81 215 170.439
82 619 200.492
82 83 84.195
82 216 110.237
83 217 79.595
83 955 230.726
83 1394 85.182
84 691 223.091
84 85 85.596
84 221 51.407
85 222 81.77
85 86 83.296
85 692 193.955
86 223 108.921
87 798 163.815
87 1096 66.531
87 88 73.169
87 772 143.272
88 230 139.87
88 89 69.248
88 1343 115.307
89 160 116.952
89 90 70.501
90 811 148.652
90 977 170.002
90 1370 76.717
91 813 146.326
91 1370 76.531
91 92 77.032
91 1284 171.644
92 1013 176.746
92 93 80.046
92 814 148.91
93 815 151.771
93 94 68.025
93 892 181.448
94 95 33.403
94 891 182.645
95 716 82.336
95 1369 156.872
95 96 70.373
96 683 80.673
96 97 120.868
96 682 80.137
97 965 81.186
97 98 123.808
97 923 80.112
98 338 80.506
98 99 162.774
98 339 80.642
99 731 80.693
99 100 160.353
99 732 80.68
100 924 80.583
100 1070 80.535
100 1233 151.785
101 1233 15.427
101 899 83.619
101 1060 82.259
101 1183 135.592
102 819 115.282
102 1183 90.256
102 103 81.295
103 700 82.289
103 104 77.429
103 266 111.371
104 820 111.158
104 105 78.758
104 925 81.216
105 926 80.579
105 106 75.603
106 107 65.858
106 379 80.72
107 665 122.196
107 108 68.943
108 821 124.229
108 109 74.558
108 927 81.152
109 914 228.959
109 110 75.134
109 822 123.677
110 253 106.883
110 111 79.783
110 252 226.52
111 1035 195.914
111 112 86.332
112 864 104.797
112 113 86.44
112 863 161.826
113 570 125.504
113 114 92.152
113 571 106.398
114 706 80.978
114 650 95.342
114 1328 92.322
115 116 310.553
115 654 81.265
115 570 179.519
115 705 87.381
116 117 273.112
116 204 87.862
116 203 80.806
117 118 211.924
117 655 80.7
117 684 87.92
118 353 77.073
118 352 74.912
118 279 84.899
119 353 37.844
119 279 48.245
119 1391 11.406
120 1391 68.153
120 543 129.925
120 121 139.035
120 280 73.601
121 543 69.152
121 544 92.283
121 1317 57.742
122 1019 88.801
122 264 81.753
122 123 116.835
122 1317 153.078
123 265 84.398
123 1020 84.034
124 928 72.99
124 125 125.665
124 172 70.39
124 1250 160.694
125 173 69.445
125 126 117.792
125 929 73.608
126 127 161.668
126 174 69.767
126 1378 80.381
127 1086 28.598
127 930 135.583
127 997 83.722
128 1257 80.995
128 875 60.514
128 129 32.773
129 872 23.373
129 130 104.53
129 1257 75.391
130 795 164.939
130 875 172.526
131 952 17.601
131 1417 126.653
131 386 61.129
131 636 75.793
132 1252 69.585
132 133 141.075
132 953 218.283
132 1417 135.076
133 134 109.186
133 638 69.475
133 953 79.208
134 331 69.62
134 1126 99.796
134 332 78.417
135 136 143.758
135 148 77.552
135 1126 16.92
135 1135 70.968
136 137 137.611
136 592 77.246
136 591 71.005
137 311 69.47
137 1221 141.298
137 310 77.509
138 667 75.126
138 139 309.394
138 1021 74.191
139 208 73.961
139 140 274.039
139 207 74.668
140 668 74.349
140 141 273.564
140 687 74.473
141 466 74.694
141 465 74.306
141 1442 268.488
142 1442 9.79
142 669 74.797
142 143 269.704
142 1428 50.068
143 1022 74.252
143 670 74.292
143 1452 168.155
144 197 19.548
144 145 167.825
144 880 72.331
145 298 26.017
145 299 40.133
146 1206 9.949
146 175 80.643
146 1207 47.305
146 612 73.725
147 1136 16.674
147 322 100.32
147 1127 69.467
147 1206 99.253
148 592 144.262
148 1136 70.507
148 1127 16.79
149 1134 16.888
149 1129 43.142
149 330 99.947
149 1251 23.147
150 1134 43.474
150 589 143.769
150 151 68.231
150 1129 17.162
151 1128 17.284
151 152 74.069
151 588 143.792
152 1130 17.397
152 587 143.81
152 153 71.696
153 586 143.813
153 1131 18.391
153 1133 76.432
154 453 57.58
154 1363 75.015
154 582 137.066
155 1297 37.052
155 454 64.283
155 156 77.247
156 157 78.544
156 455 64.42
157 456 64.363
157 595 131.691
157 158 149.563
158 159 77.035
158 457 64.862
159 458 64.766
160 161 50.951
160 1343 68.46
161 162 125.449
161 977 70.727
161 231 68.126
162 163 102.611
162 232 67.285
162 976 70.555
163 516 37.785
163 228 36.204
164 165 154.278
164 1407 22.446
164 213 310.47
164 426 78.263
165 846 78.73
165 1326 151.199
165 845 77.976
166 1027 78.616
166 167 150.433
166 1057 79.44
166 1326 10.273
167 168 154.755
167 1245 78.623
167 882 78.497
168 939 78.389
168 169 214.489
168 1278 77.792
169 170 128.951
169 753 77.829
169 754 78.785
170 171 100.506
170 859 257.283
171 859 157.401
171 1048 79.569
171 1176 413.217
172 173 128.077
172 1014 68.543
173 1024 68.865
173 174 94.565
174 1095 76.934
175 176 72.309
175 729 79.181
175 344 88.045
176 177 76.033
176 343 82.906
176 360 84.599
177 178 75.918
177 1360 90.432
177 342 77.524
178 179 35.739
178 730 99.366
179 340 67.242
179 730 100.086
180 1165 72.737
180 190 44.2
180 735 98.283
181 189 17.328
181 1165 72.271
182 1284 8.814
182 183 82.735
182 985 123.584
182 1283 42.337
183 184 93.143
183 1012 96.195
183 1013 33.483
184 892 80.812
184 185 86.986
184 434 46.171
185 186 43.009
185 718 95.449
185 891 128.613
185 431 80.846
186 648 50.723
186 1285 76.899
187 1365 84.115
187 558 128.32
187 1269 43.586
188 333 58.795
188 189 63.476
188 559 82.906
188 1365 73.065
189 190 155.898
189 333 21.029
190 191 85.787
190 676 63.343
191 824 163.765
191 192 82.307
192 193 82.218
192 674 178.338
192 673 30.704
193 1359 8.261
193 946 54.55
193 1040 192.936
194 565 124.403
194 284 135.628
194 1189 107.612
194 195 96.82
194 297 70.185
194 1299 152.56
195 196 61.937
195 297 69.739
195 565 67.002
196 197 81.271
196 1191 129.298
197 1192 135.549
197 198 77.325
198 1193 140.908
198 199 77.892
198 400 130.218
199 377 64.472
199 200 93.589
199 376 145.99
200 346 46.586
200 632 154.787
201 202 77.009
201 251 308.551
201 347 109.803
202 250 274.019
202 203 81.497
202 915 309.115
203 654 308.953
203 655 272.176
204 205 86.971
204 705 309.337
204 684 273.846
205 206 81.35
205 685 274.484
205 278 310.007
206 207 74.473
206 921 310.328
206 686 273.626
207 668 273.928
207 667 308.329
208 687 274.032
208 1021 308.577
209 688 273.623
209 210 78.157
209 773 309.037
210 211 86.054
210 414 309.019
210 415 273.78
211 627 309.193
211 628 273.814
212 689 273.638
212 213 79.03
213 214 77.961
213 690 274.27
214 427 274.148
214 215 78.385
215 645 274.151
216 217 78.978
216 445 273.948
217 218 78.426
217 446 274.898
218 219 78.444
218 1394 47.922
218 675 275.917
219 220 86.11
219 1306 276.75
219 871 308.214
220 617 308.074
220 618 276.798
220 221 82.607
221 222 80.262
221 436 309.945
222 979 309.579
222 223 76.885
223 224 78.464
223 779 310.775
224 399 310.439
225 901 190.755
225 1300 19.41
225 1359 73.897
226 227 45.932
226 1380 62.929
226 485 73.376
227 228 88.35
227 233 98.351
228 233 38.858
229 1318 37.929
229 230 69.82
229 1431 57.017
229 811 164.704
230 772 71.821
231 1343 50.269
231 232 125.457
231 798 74.332
232 799 75.255
232 233 72.314
233 515 82.064
234 1079 80.418
234 1080 95.14
234 630 273.079
235 1371 9.391
235 236 77.938
235 1009 273.75
236 796 273.923
236 237 77.728
236 797 211.887
237 430 228.911
237 238 79.624
237 429 274.301
238 647 274.116
239 285 112.623
239 1426 18.221
239 240 104.17
239 1425 50.021
240 530 186.206
240 286 35.338
240 241 48.246
241 287 34.531
241 242 49.671
241 286 33.011
242 299 99.826
242 243 92.522
242 287 36.394
243 268 104.224
243 1382 43.808
244 1381 87.168
244 245 46.371
244 301 86.508
244 401 41.273
245 302 123.567
245 401 32.419
245 1298 15.016
245 1342 15.678
246 371 86.215
246 1298 73.609
246 247 89.783
246 1065 49.451
247 973 102.025
247 248 55.432
247 372 33.191
248 372 45.867
248 249 31.523
249 349 70.916
249 373 18.573
249 1457 80.001
250 1457 16.541
250 350 70.075
250 349 81.512
250 655 80.466
251 252 163.231
251 915 76.278
252 1035 76.015
252 914 74.948
253 254 125.685
253 986 77.047
253 1173 31.395
254 1273 148.943
254 936 76.442
254 908 74.479
255 256 228.557
255 747 74.206
255 748 76.51
255 1273 67.147
256 257 213.486
256 1031 75.432
256 909 75.031
257 258 223.964
257 910 74.42
257 1032 76.246
258 259 227.645
258 1033 76.4
258 911 74.338
259 1034 75.056
259 912 75.611
260 913 75.5
260 1098 63.775
260 870 156.38
261 788 307.286
261 1097 59.897
262 978 295.578
262 1062 111.151
263 1317 80.477
263 264 150.377
263 511 29.688
264 1041 101.921
264 265 96.922
265 1167 164.642
266 820 75.503
266 267 178.81
266 819 84.129
267 616 86.696
267 1213 80.322
267 1214 12.369
268 269 110.869
268 288 35.417
268 287 65.687
269 532 49.748
269 288 80.912
270 1328 10.985
270 580 81.154
270 271 152.041
270 706 100.737
271 420 80.831
271 419 87.521
271 272 154.115
272 937 81.318
272 707 86.83
272 273 138.843
273 274 77.304
273 1045 81.4
274 708 86.413
274 275 76.593
274 750 156.117
275 276 152.943
275 1044 81.538
276 672 80.592
276 709 85.589
277 1162 318.803
277 626 80.213
277 710 86.491
278 705 87.421
278 921 442.299
278 921 81.329
279 1311 45.268
280 281 139.034
280 1398 62.677
281 542 69.937
281 282 80.023
281 543 72.644
282 511 70.965
282 283 138.426
282 510 68.946
283 1030 317.374
283 1041 69.235
284 579 147.892
284 285 63.055
284 1299 126.261
285 297 135.476
285 286 71.132
286 298 135.805
287 531 182.189
288 289 74.359
288 1382 140.599
289 301 135.913
289 1099 83.306
289 533 88.231
290 772 67.891
290 1096 146.181
290 1348 70.796
291 798 65.563
291 292 125.331
291 1096 162.696
291 928 73.491
292 293 167.712
292 929 74.345
292 799 64.775
293 294 180.055
293 1378 79.536
293 1380 68.314
294 1088 26.558
294 998 215.747
294 930 80.52
295 296 26.401
295 1088 77.953
295 874 80.249
296 873 80.268
296 795 171.968
297 298 71.107
299 300 33.774
300 880 151.061
300 1382 61.576
301 1382 81.644
301 302 57.613
302 1346 10.46
302 1345 48.164
303 1065 136.732
303 1345 24.688
303 304 73.033
303 535 147.743
304 536 121.556
304 305 73.428
304 973 136.846
305 1063 136.489
305 306 76.141
305 537 95.891
306 538 69.087
306 916 136.849
306 1393 73.495
307 1178 68.015
307 1061 110.93
307 1179 63.625
308 1287 68.492
308 473 74.12
309 624 99.583
310 1224 140.39
310 592 137.32
311 591 137.14
311 1411 142.14
312 1413 141.85
312 313 45.803
312 590 137.927
313 314 68.202
313 1232 140.715
313 589 138.013
314 588 137.991
314 315 74.072
314 1230 140.469
315 1434 140.637
315 587 138.073
315 316 71.784
316 1239 140.281
316 317 76.289
316 586 138.115
317 585 138.146
317 318 76.847
317 1229 140.716
318 1236 140.393
318 1263 74.948
318 584 138.188
319 582 137.285
319 1238 141.218
319 1263 77.092
320 1210 10.387
320 613 52.9
320 1219 145.664
321 1222 141.148
321 593 137.906
321 1210 123.98
322 345 97.609
322 967 108.55
323 324 150.561
323 453 66.02
324 325 76.887
324 1408 74.573
324 698 111.253
325 326 76.061
325 894 113.843
325 1132 91.833
326 1131 98.348
326 327 71.927
326 950 114.096
327 969 111.844
327 1130 99.264
327 328 73.233
328 704 109.129
328 329 68.47
328 1128 99.438
329 1129 99.505
329 330 43.342
329 968 109.2
330 633 109.069
331 638 109.159
331 1251 99.67
332 1127 99.691
332 953 109.426
333 676 157.717
333 334 75.245
334 559 30.68
334 335 69.139
334 560 158.354
335 559 73.799
335 734 162.631
335 963 123.776
335 336 79.914
336 394 123.552
336 337 77.144
336 395 163.545
337 733 163.751
337 338 75.312
337 964 123.484
338 923 123.063
338 732 163.765
339 731 164.883
339 340 80.848
339 965 128.742
340 816 133.028
341 664 138.559
341 342 48.593
342 343 77.139
342 450 135.714
343 359 129.84
343 344 73.465
344 345 87.902
344 966 125.08
345 1207 54.394
345 611 116.157
346 347 73.914
346 566 60.779
347 348 77.42
347 371 121.466
348 349 74.016
348 372 105.46
350 351 60.076
350 375 57.826
351 655 107.15
351 352 57.18
351 656 178.929
352 1029 155.008
353 462 47.329
354 1199 110.679
354 447 67.023
354 355 54.043
355 356 77.335
355 1202 148.891
356 639 71.979
356 357 146.799
356 1400 76.994
357 448 78.218
357 714 71.369
357 358 129.232
358 449 77.189
358 359 142.235
358 826 72.495
359 966 72.347
359 450 76.142
360 729 72.629
360 361 163.719
360 1360 77.048
361 451 76.747
361 1071 72.597
361 1227 186.478
362 1227 16.033
362 452 67.036
362 1061 67.008
362 1179 104.761
363 1149 143.735
363 854 77.766
364 365 152.977
364 889 77.609
364 1422 146.302
364 1460 85.721
365 366 83.504
365 1461 83.285
365 1459 78.494
366 367 132.244
366 1458 78.204
367 368 171.476
367 763 78.119
367 764 85.825
368 1168 20.824
368 1169 62.36
368 843 170.814
369 370 45.737
369 378 52.232
369 377 39.696
370 378 37.601
370 1342 122.144
370 371 72.835
370 566 71.653
371 372 73.97
373 374 76.665
373 1063 135.455
374 916 135.6
374 375 71.661
374 1457 66.41
375 726 135.329
376 1193 77.484
376 632 96.852
376 1256 164.11
377 566 89.719
378 401 89.434
379 926 75.51
379 380 76.096
379 927 128.706
380 1054 123.402
380 381 75.568
380 1053 75.835
381 1256 141.106
381 383 66.12
381 934 75.547
382 1256 56.792
382 383 147.522
382 631 49.694
383 1055 51.74
384 385 232.249
384 1153 67.87
384 473 75.922
384 608 61.618
385 386 52.065
385 1010 63.116
385 474 75.687
386 475 78.409
386 387 82.138
386 952 60.66
387 1067 20.163
387 636 58.652
388 1067 21.417
388 1373 58.123
388 1414 192.256
388 476 75.722
389 478 75.794
389 390 129.502
389 1414 129.104
390 1455 185.11
390 391 156.271
390 479 76.436
391 1150 76.38
391 392 52.325
392 1302 190.608
392 480 84.01
392 1454 83.588
393 718 80.889
393 717 57.582
393 394 148.487
394 964 76.517
394 963 79.888
395 733 76.182
395 396 160.493
395 734 80.346
396 1025 80.016
396 1051 76.08
396 1241 146.508
397 1241 15.21
397 1185 141.361
397 900 80.351
397 1376 76.492
398 934 78.443
398 1052 76.698
398 972 78.793
399 779 78.435
399 853 154.586
399 831 78.863
400 959 29.224
400 401 80.493
401 959 70.945
402 767 80.325
403 404 216.312
403 769 36.64
403 406 77.808
403 666 78.649
404 1274 227.99
404 408 78.786
404 747 74.889
405 410 77.802
405 910 75.556
405 1274 213.693
406 1275 74.396
406 407 52.92
407 778 74.089
407 408 162.533
408 746 73.132
408 409 228.171
409 1274 77.642
409 410 214.282
409 783 73.591
410 784 73.682
410 411 223.715
411 1246 77.619
411 785 73.713
411 412 227.969
412 1039 77.957
412 786 73.453
412 413 228.496
413 1043 77.685
413 787 73.406
414 773 78.186
414 627 84.538
415 688 78.721
415 416 273.801
415 628 85.741
416 1291 31.091
416 417 278.999
416 1383 78.917
417 774 79.681
417 418 268.785
417 629 85.599
418 630 86.097
418 775 79.629
419 706 107.712
419 707 153.738
420 421 74.089
420 937 154.375
420 580 151.483
421 422 75.038
421 581 150.463
421 876 154.588
422 423 74.13
422 597 154.814
422 596 149.484
423 424 74.34
423 938 155.038
424 606 70.618
424 651 68.92
425 620 96.036
425 1123 77.407
425 1448 83.887
426 644 77.582
426 846 154.313
427 428 273.613
427 690 77.987
427 645 78.548
428 470 76.298
428 469 81.055
429 647 76.981
429 796 80.087
429 1100 260.508
430 797 78.661
431 648 79.032
431 432 38.554
432 434 74.912
432 433 21.387
433 840 74.984
433 1255 74.058
433 1277 19.001
434 839 49.231
435 487 71.926
435 488 78.811
436 617 84.931
436 437 153.714
436 979 78.941
437 851 79.3
437 800 84.14
437 1141 147.209
438 1141 18.239
438 1072 78.331
438 439 147.508
438 1268 83.717
439 801 84.58
439 440 153.084
439 886 77.477
440 942 78.384
440 441 82.093
440 802 83.281
441 442 132.953
441 803 83.69
441 1385 302.524
442 1352 84.52
442 443 64.058
443 1026 76.027
443 444 165.841
443 804 84.681
444 1049 78.903
444 805 84.05
444 1120 133.728
445 446 80.129
445 1304 273.71
446 1305 273.465
446 675 76.93
447 1400 166.343
447 1403 58.594
448 1384 27.413
448 449 128.637
448 1400 146.944
449 827 75.44
449 450 141.253
450 664 72.541
451 1220 180.963
451 817 73.792
451 1360 164.274
452 818 37.226
452 1180 98.707
452 1220 15.646
453 1408 151.792
454 1453 175.088
454 455 76.595
455 456 76.604
456 457 151.063
456 830 174.321
457 971 172.46
457 458 77.034
458 459 74.078
459 861 77.929
460 461 84.659
460 656 76.949
460 541 78.322
460 1392 96.75
461 542 124.042
461 1398 14.062
461 1029 22.226
462 463 88.925
462 544 253.576
462 684 271.371
463 464 79.561
463 1116 273.333
463 685 271.313
464 1290 29.497
464 686 274.053
464 789 277.178
465 1444 7.547
465 668 273.831
465 1290 45.897
466 790 277.942
466 687 273.76
467 1395 8.151
467 628 273.432
467 1291 54.907
468 469 78.494
468 791 277.539
468 689 273.817
469 690 273.432
469 1367 266.877
470 645 273.134
470 646 294.959
471 472 84.628
471 1305 157.288
472 618 273.788
473 474 225.21
474 1137 32.558
475 1137 38.561
475 1368 82.614
476 477 191.795
476 1368 21.963
477 478 129.416
477 1414 75.235
478 622 81.177
478 479 128.695
479 1150 157.313
479 623 81.11
480 1151 50.531
480 1418 330.668
480 1150 14.877
481 482 129.923
481 1341 34.954
481 1282 42.095
481 522 71.843
482 483 68.168
482 490 72.588
482 491 74.132
483 484 87.208
483 793 72.972
483 640 72.985
484 794 72.794
484 1293 73.359
485 516 132.682
485 1379 77.746
486 520 130.808
486 1379 71.656
486 487 76.256
487 1292 164.303
487 521 130.793
488 512 130.646
488 489 75.314
488 513 67.759
489 724 67.323
489 490 73.463
490 522 130.209
490 640 67.862
491 1279 83.36
491 793 68.037
491 1280 64.445
492 1280 10.769
492 721 89
492 493 137.886
492 720 73.367
493 736 63.315
493 494 83.339
493 737 68.793
494 495 81.159
494 525 130.433
495 496 81.259
495 526 130.2
496 527 130.061
496 497 80.076
497 902 64.203
497 498 81.865
497 528 129.037
498 529 122.886
498 499 80.962
498 699 68.638
499 1059 73.419
499 500 82.195
499 530 116.097
500 531 109.378
500 501 81.154
500 1028 77.801
501 960 82.915
501 502 123.703
501 532 102.166
502 567 94.684
502 503 81.057
502 534 97.653
503 535 91.401
503 504 80.207
503 1066 104.052
504 974 114.209
504 505 79.295
504 536 85.837
505 506 83.225
505 537 79.904
505 1064 124.899
506 917 134.541
506 507 78.323
506 538 74.33
507 539 68.857
507 508 60.309
507 727 145.86
508 509 65.946
508 1073 147.95
508 540 86.239
509 510 65.866
509 541 65.569
509 657 144.832
510 1030 141.883
510 542 72.458
511 1041 134.124
511 543 88.677
513 724 77.264
513 514 92.568
514 725 77.981
514 1292 147.72
515 1380 154.025
515 799 37.473
516 517 38.047
517 518 41.255
517 976 130.298
518 519 43.458
518 1379 130.455
519 520 29.963
519 896 162.96
520 984 149.59
520 521 75.201
521 840 150.213
523 524 74.216
523 1340 145.233
524 1339 144.45
524 525 83.815
524 736 67.257
525 526 81.455
525 824 150.543
526 527 80.726
526 674 150.049
527 528 80.368
527 1040 149.978
528 529 81.435
528 901 148.587
529 1425 100.674
529 530 81.88
530 531 80.734
531 532 81.274
532 533 84.51
533 534 70.62
534 535 77.048
534 1099 45.096
535 536 77.987
536 537 77.759
537 538 79.879
538 539 76.838
539 1392 46.69
540 1392 43.931
540 541 37.364
541 542 65.803
544 1316 30.346
544 1116 93.275
545 1165 99.264
545 735 73.043
546 1323 152.297
546 845 78.404
546 844 83.811
547 548 150.423
547 1057 77.886
547 904 83.332
547 1323 10.404
548 549 154.068
548 881 83.693
548 1245 78.595
549 550 215.48
549 1278 79.03
549 905 84.175
550 1253 84.061
550 752 84.551
550 753 79.328
551 1254 74.515
551 1048 77.488
551 906 84.678
552 807 78.527
552 847 79.544
552 1335 151.01
553 1335 11.057
553 808 78.671
553 554 150.167
553 856 79.479
554 857 78.802
554 555 153.754
554 1424 79.036
555 809 78.717
555 556 215.874
555 858 78.916
556 755 78.98
556 557 229.187
556 756 79.042
557 1399 15.585
557 810 79.631
557 1177 60.098
558 963 68.548
558 559 94.673
558 1365 60.763
560 561 162.64
560 676 76.029
561 677 76.104
561 1025 70.333
561 1235 146.511
562 1235 15.078
562 678 77.522
562 900 71.449
562 1187 141.663
563 1187 166.607
563 679 76.438
563 564 80.657
563 701 73.509
564 972 71.145
564 680 77.677
565 1190 52.588
567 568 108.667
567 960 90.37
567 1066 81.236
568 782 81.764
568 569 31.524
569 1000 81.045
569 961 45.868
570 650 90.051
570 863 81.248
571 706 101.701
571 572 208.825
571 864 86.683
572 707 87.773
572 865 81.338
572 573 216.03
573 749 81.141
573 574 229.526
573 708 88.287
574 709 89.158
574 575 212.655
574 866 80.956
575 867 81.222
575 653 87.592
575 576 223.906
576 577 113.782
576 652 89.089
576 868 81.116
578 1258 229.503
578 710 88.753
578 869 81.692
579 901 26.007
579 1426 50.447
580 581 72.962
580 1320 10.042
581 1329 10.193
581 596 75.759
582 583 75.458
583 584 76.811
583 1363 136.998
584 585 76.097
584 1259 137.42
585 1133 145.085
585 586 76.211
586 587 71.766
587 588 74.051
588 589 68.258
589 590 45.486
590 591 21.514
590 1134 143.749
591 1135 143.954
593 1208 110.947
593 1136 143.186
594 612 77.633
594 613 84.241
594 1208 10.5
595 935 277.646
595 1364 58.549
596 1056 74.004
596 1321 10.787
597 598 216.015
597 938 74.228
597 876 74.629
598 750 74.056
598 599 230.747
598 751 74.377
599 1047 75.709
599 672 380.756
599 879 72.281
600 743 82.836
600 1214 179.362
600 601 228.086
600 744 76.958
601 1046 78.544
601 602 214.14
601 1003 81.675
602 1036 78.645
602 1004 81.274
602 603 223.459
603 1037 77.01
603 1005 83.02
603 604 227.201
604 1006 83.118
604 1038 77.066
604 605 229.315
605 1042 76.744
605 1007 86.931
606 607 73.552
606 659 84.644
607 642 68.935
607 1118 85.074
608 1204 11.985
608 1153 55.135
608 1200 11.237
609 1138 61.497
609 1203 11.8
609 1204 118.151
610 826 83.577
610 1361 78.198
610 611 141.447
610 825 88.745
611 967 88.602
611 966 83.904
612 1205 11.053
612 729 81.415
613 1071 80.568
613 1209 10.347
614 1219 16.386
614 1061 71.169
614 615 76.718
614 1211 14.648
615 1178 40.739
615 1216 13.558
616 1215 12.612
616 1178 47.29
616 819 200.427
617 871 83.982
617 800 153.477
618 1306 84.732
618 691 82.697
619 807 153.899
619 955 77.607
620 1433 80.769
620 1304 276.74
620 1101 21.204
621 1196 14.41
621 1448 91.572
622 623 129.391
623 624 162.009
624 1151 29.284
625 971 38.881
626 1357 122.617
626 1106 95.72
626 1288 380.124
629 1395 269.885
629 630 270.584
631 1055 151.308
631 632 157.158
633 968 42.635
633 638 25.419
633 634 140.68
634 829 43.541
634 635 134.731
635 712 44.241
635 637 23.511
635 1373 76.777
636 1415 18.971
636 1416 41.462
637 1417 69.311
637 1416 50.716
637 1252 134.658
638 1252 140.913
639 714 147.114
639 1203 79.184
640 724 73.235
640 1293 88.921
641 651 74.291
641 994 79.768
641 642 70.673
642 694 78.921
643 1175 13.095
643 1366 225.571
643 662 87.428
644 847 154.371
646 1436 107.076
646 647 270.687
646 1433 78.082
648 649 75.645
649 1285 33.163
649 1344 61.716
650 705 183.935
651 663 80.222
652 710 225.864
652 653 392.239
652 653 224.691
653 709 212.624
654 863 174.216
654 915 80.626
656 1029 65.053
656 726 79.432
657 1073 66.95
657 658 134.462
657 1030 66.106
658 1085 139.72
658 1002 65.482
659 660 215.998
659 1118 73.713
659 938 74.527
660 661 229.686
660 751 74.751
660 1194 73.705
661 1366 211.243
661 958 74.954
661 1047 73.121
662 1353 166.573
662 1355 42.92
662 949 165.892
663 994 74.233
663 1056 74.438
663 1322 10.669
664 827 141.528
665 821 32.537
665 820 265.383
666 823 77.717
666 821 37.582
666 1275 190.056
667 921 74.261
668 686 74.686
669 789 75.51
669 670 270.69
669 1444 269.607
670 671 140.206
670 922 74.917
671 1456 17.293
671 1452 78.737
671 1082 81.507
672 1044 152.606
672 879 76.124
673 677 76.103
673 946 95.448
674 824 80.845
674 1040 81.075
675 1306 80.843
676 677 163.006
677 1242 146.347
678 1188 141.82
678 898 75.299
678 1242 15.005
679 680 80.836
679 1191 76.001
679 1188 166.331
680 1192 76.504
681 682 76.98
681 1369 103.181
681 816 116.957
682 965 118.581
683 716 56.489
683 923 120.483
684 685 87.276
685 686 80.913
688 1383 274.28
689 690 78.718
691 692 79.484
693 694 149.253
693 904 85.629
693 994 78.448
693 1332 10.541
694 695 155.249
694 881 84.701
695 696 215.676
695 905 85.769
695 1118 78.134
696 1117 229.79
696 1194 78.358
696 752 85.098
697 1236 14.051
697 1005 62.104
697 895 76.76
697 1264 75.382
698 1455 6.045
698 1377 70.491
699 902 81.39
699 1059 81.904
699 1438 108.526
700 1184 168.09
700 701 229.634
700 925 80.6
701 1186 166.904
701 972 81.186
702 711 81.262
702 712 68.751
702 1011 99.111
702 703 134.407
703 828 73.544
703 704 140.434
703 829 68.275
704 969 73.74
704 968 68.587
707 708 216.107
708 709 229.298
710 1356 362.131
711 828 134.015
711 1414 40.849
712 829 134.578
712 1011 57.479
713 952 159.57
713 1248 26.592
713 1417 78.769
713 1307 55.755
714 826 128.046
714 1362 84.531
715 893 27.551
715 1384 50.215
715 827 109.348
716 1429 85.696
717 1429 11.233
717 891 68.646
718 1286 51.195
718 963 133.965
719 1269 110.421
719 1281 51.758
719 1344 85.404
719 962 63.19
720 736 182.241
721 722 91.673
721 737 89.197
722 738 41.362
722 1440 25.623
722 1441 72.634
723 1280 78.16
723 793 99.533
723 1441 83.489
724 725 90.94
725 1091 19.529
725 1293 73.092
726 916 72.44
726 1393 137.172
727 917 74.194
727 728 136.71
727 1073 84.94
728 1002 111.051
728 918 75.431
729 1071 163.263
730 1360 82.472
730 817 164.111
730 731 82.14
731 1070 159.862
732 733 76.101
732 924 159.747
733 1051 160.031
734 1025 161.431
735 824 85.49
735 1339 12.413
737 738 82.491
737 902 325.807
738 903 326.782
739 860 314.856
739 860 78.687
739 995 74.815
739 1103 12.441
740 1211 115.007
740 741 42.777
740 768 19.131
741 768 42.96
741 742 21.79
742 1216 136.902
742 743 83.056
742 771 230.127
743 1003 228.6
743 1215 158.561
744 1046 228.22
744 745 77.903
744 1213 204.818
745 1217 217.765
745 746 77.236
745 990 227.704
746 783 227.688
746 778 163.316
747 1294 140.456
747 909 228.014
748 936 215.997
748 749 80.974
748 1031 229.456
749 866 228.787
749 865 216.066
750 877 76.973
750 878 76.89
751 938 216.075
751 1047 230.139
752 906 228.252
752 905 216.077
753 1278 214.26
753 1048 229.192
754 939 213.338
754 755 78.36
755 858 212.975
756 810 229.701
756 757 77.423
756 809 215.537
757 940 214.921
757 758 78.86
758 759 76.926
758 920 215.465
759 993 229.825
759 941 215.162
759 1352 86.458
760 1386 95.624
760 1446 77.61
760 761 77.43
760 933 82.598
761 1017 82.914
761 762 80.667
761 1016 131.527
762 836 132.246
762 763 78.362
762 837 82.335
763 982 83.299
763 1458 130.972
764 1461 216.531
764 1050 215.438
764 765 83.869
765 944 217.024
765 766 79.457
765 843 170.312
766 980 230.535
766 767 79.576
766 945 216.74
767 780 216.652
767 781 230.195
768 1222 14.961
768 954 71.961
769 770 65.824
769 908 37.317
770 1295 26.594
770 908 54.083
770 1294 21.632
771 1003 84.146
771 1310 151.594
771 1374 36.217
772 1431 76.837
774 775 269.671
774 1383 277.512
775 776 253.161
776 1077 37.944
777 849 153.898
777 955 78.871
777 871 78.96
777 1394 261.307
778 1275 53.376
779 979 77.94
779 852 154.709
780 945 79.973
781 980 80.367
782 1066 107.247
782 1000 31.056
783 784 214.373
783 990 77.878
784 785 223.401
784 991 77.756
785 786 228.239
785 992 77.741
786 787 229.02
786 988 77.997
787 989 78.125
787 788 203.818
788 957 173.186
789 1315 20.853
789 922 270.418
790 1022 269.999
790 1428 23.728
791 1437 27.259
791 1009 270.501
791 792 79.907
792 1367 10.498
792 1100 97.061
792 1436 50.804
793 794 85.771
794 1441 99.465
795 873 119.039
796 1100 173.517
796 1009 78.54
797 1349 19.342
798 799 124.655
800 1140 146.263
800 850 84.553
801 885 85.096
801 802 154.158
801 1268 148.301
802 803 75.956
802 941 86.353
803 1352 139.124
804 805 163.448
804 1352 66.169
805 806 138.782
805 993 88.39
806 1303 16.961
806 1120 84.862
806 1069 366.31
807 1327 150.678
807 848 77.509
808 1424 150.658
808 1058 77.655
808 1327 11.397
809 940 77.756
809 1424 153.469
810 993 230.724
810 1296 212.676
811 812 77.971
812 1370 146.285
812 813 72.763
813 814 76.668
814 815 85.423
815 1369 67.128
816 965 81.42
817 1225 176.586
817 1070 45.545
818 1181 101.813
818 1060 45.139
818 1225 15.283
819 1181 89.819
820 1213 160.014
821 822 75.105
822 1173 47.406
822 823 14.898
823 1173 50.517
823 908 96.76
824 1339 85.851
825 1218 75.797
825 967 142.107
826 966 143.512
828 969 137.586
829 968 140.587
830 1302 74.866
830 1418 28.342
831 832 154.154
831 862 79.105
832 854 78.881
832 853 78.897
832 1145 147.436
833 1145 18.324
833 1146 45.845
833 834 147.241
833 1015 78.353
834 888 78.483
834 835 153.28
834 889 78.952
835 1459 78.982
835 836 83.626
835 943 79.04
836 1458 78.991
836 1016 79.718
837 1017 80.267
837 838 146.948
837 982 78.807
838 983 78.316
838 1018 79.95
839 840 72.346
839 1012 30.298
840 984 80.738
841 842 78.724
841 922 80.927
841 1083 31.654
841 1314 267.422
842 1451 17.87
842 1082 89.86
842 1450 93.727
843 1075 19.461
844 1333 152.034
845 1334 151.169
846 847 77.959
846 1325 151.168
847 1324 151.17
848 955 153.972
848 849 79.212
848 1336 149.861
849 1319 151.02
849 850 78.493
850 871 153.83
850 1139 147.497
851 1143 147.451
851 852 77.776
851 979 153.879
852 853 78.431
852 1142 146.862
853 1144 146.823
854 1147 145.612
854 862 154.155
855 1263 53.055
856 857 150.453
856 1027 78.332
856 1324 10.147
857 858 154.787
857 882 78.706
858 939 79.065
859 1177 17.762
860 1104 14.04
860 1062 33.197
861 978 66.196
863 1035 81.954
864 865 181.053
864 986 89.255
865 936 81.035
866 867 213.25
866 1031 81.742
867 868 224.329
867 1032 81.239
868 869 228.596
868 1033 81.29
869 1034 80.724
870 1258 81.735
872 874 140.19
872 873 139.479
873 874 25.767
874 1089 104.74
875 1114 259.881
876 937 74.221
876 877 138.976
877 1045 74.417
878 879 153.709
878 1044 74.629
880 959 69.935
881 905 154.515
881 904 149.641
882 1027 150.469
882 939 155.084
883 1058 150.735
883 1424 77.688
883 884 78.894
883 940 153.636
884 920 153.298
884 885 78.814
884 919 151.206
885 1267 149.776
885 941 153.315
886 942 153.184
886 887 78.376
886 1072 147.433
887 931 147.811
887 888 78.978
887 932 152.843
888 943 153.148
888 1015 147.237
889 1459 153.031
889 981 146.23
890 1460 85.467
890 944 153.669
891 892 72.711
892 1013 79.765
893 1402 138.417
893 1384 50.951
894 1377 4.437
894 950 76.795
895 1229 13.668
895 951 76.048
896 976 77.503
896 897 127.584
896 984 88.54
896 985 77.854
897 1283 34.512
897 977 76.969
897 1370 174.099
898 1243 14.954
898 1289 26.318
898 1189 141.457
899 1240 15.344
899 1376 73.933
899 1184 140.691
900 1375 15.14
900 1186 141.503
901 1040 82.576
902 903 102.586
903 1439 18.026
903 1438 80.133
904 1333 10.315
906 907 328.538
906 1117 85.499
907 949 141.772
907 1354 30.313
907 1160 50.62
909 910 213.765
909 1274 75.514
911 1246 75.734
911 912 227.25
912 1039 75.665
912 913 229.444
913 1043 75.418
914 1055 75.136
915 1035 168.327
916 1063 76.401
917 1064 82.944
917 918 137.002
918 1001 83.986
919 1267 78.82
919 1058 78.66
919 1319 10.323
920 941 78.21
920 940 78.977
922 1082 111.298
923 964 76.194
924 1051 76.484
924 1240 146.677
925 926 79.17
925 1052 75.48
926 1053 76.188
927 1054 75.769
928 1249 162.027
928 929 125.562
929 1378 140.552
930 1089 26.988
930 1378 179.031
931 1142 17.695
931 1015 79.091
931 1072 78.089
932 943 78.028
932 942 78.418
932 1195 49.002
933 1388 105.006
933 1017 78.242
934 1053 76.311
935 1007 13.377
935 995 147.994
936 986 151.834
937 1045 139.038
943 1016 83.668
944 945 78
944 1461 87.653
946 1243 50.722
947 1018 119.42
947 1390 77.679
948 1163 299.001
949 1396 13.441
950 969 71.092
951 1435 71.598
951 1239 13.769
952 1010 59.382
953 967 66.836
954 1224 13.971
954 1412 139.244
956 1122 102.735
956 1196 63.743
957 1023 122.337
958 1117 79.127
958 1194 229.767
959 1381 124.276
960 961 126.557
960 1028 80.56
961 1164 80.22
962 1365 98.358
962 1337 70.397
964 1429 164.422
970 1302 74.617
970 1453 8.642
970 1454 86.797
973 1063 72.848
973 1065 72.576
974 975 138.23
974 1066 77.241
974 1064 76.46
975 1001 77.95
975 1000 77.869
976 977 127.783
980 1170 90.168
981 1422 77.387
981 1146 33.405
981 1148 7.88
982 983 145.343
983 1171 29.099
984 985 36.903
985 1012 76.845
987 988 171.417
988 1038 76.655
988 989 228.508
989 1042 77.189
990 1046 75.24
991 1036 75.251
991 992 223.385
992 1037 76.758
994 1331 10.618
996 1114 22.213
996 997 91.43
996 1074 198.841
997 1074 109.469
998 1379 168.427
998 1292 143.687
999 1164 80.018
999 1059 114.288
999 1438 83.185
1001 1064 137.69
1002 1073 133.331
1003 1004 213.917
1004 1435 91.53
1004 1005 223.118
1005 1006 227.851
1006 1237 32.928
1006 1166 123.302
1007 1166 120.857
1007 1103 221.609
1008 1125 49.044
1008 1407 56.895
1010 1204 218.029
1011 1373 36.182
1013 1284 76.431
1014 1024 135.066
1015 1144 18.283
1017 1018 147.254
1019 1020 114.547
1019 1316 149.844
1020 1083 60.001
1020 1276 35.908
1022 1347 196.129
1023 1062 20.515
1023 1104 29.673
1024 1095 59.989
1024 1447 17.284
1025 1375 146.68
1026 1389 80.513
1026 1049 166.964
1026 1446 55.675
1027 1325 10.213
1028 1059 80.933
1028 1164 120.575
1031 1032 212.752
1032 1033 223.781
1033 1034 228.492
1036 1037 223.313
1036 1046 214.278
1037 1038 228.275
1038 1042 228.671
1039 1043 229.317
1039 1246 227.492
1041 1167 137.415
1048 1405 243.391
1049 1158 128.318
1050 1094 23.121
1050 1170 77.139
1050 1270 113.27
1051 1234 146.568
1052 1053 78.712
1054 1055 72.744
1056 1330 10.735
1057 1334 10.336
1057 1245 150.396
1058 1336 11.742
1060 1182 113.664
1060 1223 15.014
1061 1226 16.294
1065 1298 61.917
1067 1368 75.752
1067 1415 58.29
1068 1111 104.188
1068 1069 118.162
1069 1159 340.301
1070 1223 168.754
1071 1226 191.488
1072 1143 17.714
1074 1095 71.051
1076 1261 10.054
1076 1432 163.892
1076 1148 9.673
1077 1080 38.646
1078 1115 271.164
1078 1080 26.647
1078 1081 259.292
1079 1371 75.121
1081 1349 177.358
1082 1423 22.545
1083 1276 60.614
1084 1093 967.193
1084 1085 38.118
1084 1119 442.597
1085 1450 406.247
1085 1167 68.71
1086 1257 94.505
1086 1114 169.508
1086 1089 140.883
1087 1088 348.96
1087 1091 225.672
1087 1292 19.84
1088 1089 83.052
1090 1441 20.005
1090 1092 245.552
1090 1440 60.381
1091 1092 73.102
1092 1293 18.958
1093 1438 16.327
1093 1439 79.999
1094 1197 197.897
1094 1170 76.024
1094 1112 667.87
1094 1172 78.07
1096 1249 72.417
1097 1098 49.6
1099 1346 128.077
1101 1124 170.962
1101 1313 55.092
1102 1105 692.32
1103 1104 78.369
1105 1107 791.413
1106 1406 53.541
1106 1288 54.422
1107 1358 459.278
1107 1110 1116.604
1108 1406 180.485
1109 1303 277.583
1109 1372 895.094
1110 1111 303.228
1111 1112 502.015
1112 1113 347.592
1113 1157 330.516
1115 1452 27.467
1115 1456 93.545
1116 1314 9.354
1116 1315 58.469
1117 1397 26.633
1118 1194 215.914
1119 1450 18.261
1119 1451 87.503
1120 1157 59.723
1121 1122 7.646
1121 1124 33.045
1121 1313 161.091
1122 1123 48.373
1123 1124 16.499
1123 1196 111.467
1123 1448 36.626
1126 1251 71.262
1126 1127 77.677
1128 1130 73.649
1128 1129 68.759
1130 1131 71.768
1131 1132 77.017
1132 1421 56.551
1133 1351 98.975
1134 1135 23.265
1135 1251 16.892
1136 1206 99.462
1138 1152 75.393
1138 1362 85.91
1139 1319 78.575
1139 1140 84.401
1140 1268 17.892
1140 1141 84.979
1141 1143 78.443
1142 1143 78.125
1142 1144 79.059
1144 1145 78.305
1145 1262 70.859
1146 1148 33.944
1147 1261 4.35
1147 1262 8.038
1147 1149 77.907
1148 1261 9.159
1148 1267 565.873
1149 1422 23.178
1150 1151 50.051
1152 1155 162.939
1152 1362 79.252
1153 1201 14.383
1153 1154 49.669
1154 1199 14.985
1154 1287 26.015
1154 1409 203.669
1156 1309 143.096
1157 1158 19.814
1158 1390 82.426
1159 1161 145.527
1160 1161 31.771
1161 1354 68.826
1163 1445 32.613
1166 1237 110.785
1171 1270 21.74
1171 1198 29.877
1172 1197 138.762
1172 1198 27.127
1174 1366 12.563
1174 1175 361.043
1176 1177 252.187
1176 1296 150.868
1178 1212 13.027
1179 1180 63.668
1180 1181 18.145
1181 1182 41.326
1182 1183 79.394
1183 1184 82.038
1184 1185 152.412
1185 1186 78.46
1186 1187 72.284
1187 1188 76.338
1188 1189 75.877
1189 1190 107.873
1190 1191 58.682
1191 1192 80.856
1192 1193 77.317
1195 1271 27.345
1199 1403 90.909
1199 1410 192.094
1199 1201 55.907
1200 1201 51.558
1200 1202 74.88
1200 1204 15.508
1202 1203 52.261
1203 1362 147.664
1205 1208 77.475
1205 1206 74.642
1206 1207 45.999
1208 1209 83.522
1209 1210 53.542
1210 1228 144.691
1211 1216 77.824
1211 1228 16.319
1212 1215 45.625
1212 1216 40.895
1213 1217 79.451
1213 1214 83.603
1214 1215 86.003
1217 1275 76.168
1218 1308 55.648
1218 1307 58.319
1219 1228 14.839
1219 1226 71.578
1220 1227 68.24
1220 1225 39.626
1221 1411 60.092
1221 1224 77.634
1222 1224 70.216
1222 1228 134.817
1223 1225 45.408
1223 1233 82.39
1226 1227 67.281
1229 1236 76.013
1229 1239 75.972
1230 1434 74.9
1230 1232 68.862
1230 1310 14.996
1231 1264 13.702
1231 1238 76.796
1231 1236 76.342
1231 1263 141.026
1232 1301 13.591
1232 1413 61.137
1233 1240 83.38
1234 1376 15.283
1234 1240 74.172
1234 1241 76.42
1235 1375 71.329
1235 1242 77.342
1237 1265 76.803
1238 1265 13.681
1239 1434 71.765
1241 1375 80.346
1242 1243 75.085
1243 1272 90.291
1244 1258 111.563
1247 1307 223.718
1249 1250 75.162
1255 1344 78.208
1259 1351 26.701
1259 1363 75.038
1260 1266 628.148
1260 1408 11.133
1260 1421 19.927
1261 1262 8.461
1264 1265 77.04
1267 1268 85.655
1269 1286 34.235
1269 1285 19.59
1271 1385 210.152
1271 1387 59.587
1272 1300 44.076
1272 1359 30.739
1273 1295 94.818
1276 1450 15.521
1279 1282 57.634
1279 1280 103.714
1281 1341 105.374
1282 1341 26.566
1283 1284 43.759
1285 1286 22.535
1288 1406 11.034
1288 1355 154.454
1289 1300 44.201
1289 1299 45.681
1290 1444 47.361
1291 1395 56.465
1294 1295 15.431
1296 1303 319.308
1297 1419 46.932
1298 1342 14.404
1299 1300 11.347
1301 1374 64.689
1301 1310 69.343
1302 1453 78.317
1304 1305 78.658
1305 1313 276.559
1307 1308 15.089
1308 1312 37.457
1309 1362 104.655
1309 1312 50.229
1310 1435 74.967
1311 1391 88.978
1311 1398 34.78
1312 1361 77.997
1314 1316 88.507
1314 1315 58.617
1316 1317 88.116
1319 1336 78.941
1320 1328 81.378
1320 1329 72.822
1321 1329 76.121
1321 1330 74.034
1322 1330 74.371
1322 1331 73.622
1323 1333 83.283
1323 1334 77.834
1324 1325 78.317
1324 1335 79.623
1325 1326 78.611
1326 1334 79.5
1327 1335 78.295
1327 1336 77.885
1331 1332 79.106
1332 1333 85.637
1338 1449 72.949
1338 1340 68.708
1339 1340 73.255
1345 1346 47.448
1347 1452 77.548
1348 1430 9.754
1348 1431 68.492
1350 1351 606.363
1353 1354 139.968
1353 1354 139.968
1355 1358 130.365
1358 1406 30.686
1361 1362 49.558
1367 1436 53.372
1373 1415 20.991
1374 1412 12.211
1374 1413 13.686
1377 1455 69.475
1381 1382 30.6
1385 1387 148.55
1386 1427 32.607
1387 1427 38.363
1388 1389 21.211
1389 1446 129.596
1392 1393 35.693
1400 1402 75.466
1401 1402 114.901
1404 1405 21.592
1408 1421 23.887
1409 1410 6.405
1411 1413 16.706
1411 1412 12.763
1415 1416 37.065
1423 1451 110.677
1423 1456 71.914
1425 1426 47.19
1428 1442 52.254
1434 1435 14.595
1437 1443 52.789
1439 1440 380.302
1454 1455 223.248
1458 1459 83.966
1460 1461 154.152
